1 1 2 9
2 0 1 3 9 10
3 0 2 4 10 11
4 0 3 5 11 12
5 0 4 6 12 13
6 0 5 7 13 14
7 0 6 8 14 15
8 0 7 15 16
9 0 1 2 10 17 18
10 0 2 3 9 11 18 19
11 0 3 4 10 12 19 20
12 0 4 5 11 13 20 21
13 0 5 6 12 14 21 22
14 0 6 7 13 15 22 23
15 0 7 8 14 16 23 24
16 0 8 15 24
17 0 9 18 25
18 0 9 10 17 19 25 26
19 0 10 11 18 20 26 27
20 0 11 12 19 21 27 28
21 0 12 13 20 22 28 29
22 0 13 14 21 23 29 30
23 0 14 15 22 24 30 31
24 0 15 16 23 31 32
25 0 17 18 26 33 34
26 0 18 19 25 27 34 35
27 0 19 20 26 28 35 36
28 0 20 21 27 29 36 37
29 0 21 22 28 30 37 38
30 2 22 23 29 31 38 39
31 0 23 24 30 32 39 40
32 0 24 31 40
33 0 25 34 41
34 0 25 26 33 35 41 42
35 0 26 27 34 36 42 43
36 0 27 28 35 37 43 44
37 0 28 29 36 38 44 45
38 0 29 30 37 39 45 46
39 3 30 31 38 40 46 47
40 0 31 32 39 47 48
41 0 33 34 42 49 50
42 0 34 35 41 43 50 51
43 0 35 36 42 44 51 52
44 0 36 37 43 45 52 53
45 0 37 38 44 46 53 54
46 0 38 39 45 47 54 55
47 0 39 40 46 48 55 56
48 0 40 47 56
49 0 41 50 57
50 0 41 42 49 51 57 58
51 0 42 43 50 52 58 59
52 0 43 44 51 53 59 60
53 0 44 45 52 54 60 61
54 0 45 46 53 55 61 62
55 2 46 47 54 56 62 63
56 0 47 48 55 63 64
57 0 49 50 58
58 0 50 51 57 59
59 0 51 52 58 60
60 0 52 53 59 61
61 0 53 54 60 62
62 3 54 55 61 63
63 0 55 56 62 64
64 4 56 63
